res 18 # len = 8
(6, (4, 4, 4, 4, 4, 6, 2, 2, 2, 6, 4, 2, 4, 4, 4, 8, 2, 6, 6))

0.9594707489013672,
0.9594707489013672,
0.342735872,
0.6941999793052673

res 50 # len = 16
((5,
  (8,
   4,
   8,
   2,
   8,
   4,
   4,
   2,
   8,
   2,
   8,
   6,
   8,
   4,
   4,
   8,
   4,
   2,
   2,
   8,
   2,
   2,
   4,
   8,
   2,
   8,
   8,
   2,
   2,
   6,
   6,
   8,
   2,
   2,
   8,
   2,
   2,
   2,
   8,
   8,
   8,
   8,
   8,
   2,
   2,
   8,
   8,
   4,
   4,
   2,
   6,
   2)),
 0.9454292058944702,
 0.9454292058944702,
 0.3401816064,
 0.743399977684021)




mob # len = 14
((13,
  (8,
   4,
   6,
   6,
   8,
   6,
   6,
   8,
   4,
   8,
   2,
   8,
   6,
   8,
   4,
   4,
   6,
   4,
   8,
   6,
   8,
   8,
   8,
   4,
   2,
   6)),
 1.0440433025360107,
 1.0440433025360107,
 0.08741349120000001,
 0.5742999911308289)

